1 1 7 7
0.0210241   0.0392782   0.05714944  0.0647588   0.05714944  0.0392782 0.0210241
0.0392782   0.07338133  0.10676921  0.12098536  0.10676921  0.07338133 0.0392782
0.05714944  0.10676921  0.15534828  0.17603266  0.15534828  0.10676921 0.05714944
0.0647588   0.12098536  0.17603266  0.19947114  0.17603266  0.12098536 0.0647588
0.05714944  0.10676921  0.15534828  0.17603266  0.15534828  0.10676921 0.05714944
0.0392782   0.07338133  0.10676921  0.12098536  0.10676921  0.07338133 0.0392782
0.0210241   0.0392782   0.05714944  0.0647588   0.05714944  0.0392782 0.0210241
